[0.06638308611661381, 1.2431595086506624, 1.3188079867699987]
[0.16729986119177925, 1.2780020856467555, 1.1817934967526635]
[0.0585377422936144, 1.3525063948557534, 1.0078875805261811]
[-0.02752179502449785, 1.4182724998682261, 0.91182468984425125]
[-0.038289775920354194, 1.4846881060915931, 0.86182988085249412]
[-0.027869910276109688, 1.5133552134889203, 0.82078363119821207]
[-0.037023118967421526, 1.5666368290756592, 0.76135350110893896]
[-0.035280779440711646, 1.5935982662898525, 0.74145392030493384]
[-0.022543470670213173, 1.626043129409904, 0.76338840869633584]
[0.014880606969757043, 1.677255266388469, 0.80079383807214488]
[0.054923991714020681, 1.7303668120309055, 0.83924215494949661]
[0.099726037463421319, 1.7469537018884276, 0.88177212267462646]
[0.14067249303102511, 1.8041949221619935, 0.91858387480531922]
[0.14273871869384583, 1.8213545186819342, 0.99672399843367177]
[0.26676816369999878, 1.788568932725348, 1.1637919367871241]
[0.33566921388168386, 1.7263388517756033, 1.1737964953684676]
[0.28021562670917244, 1.6618527927187865, 1.1450087316101938]
[0.21382274447071781, 1.6278534203994524, 1.1266896569039164]
[0.1606205972264812, 1.590567743477294, 1.1213061722987745]
[0.11544574159314225, 1.5348314638984908, 1.1199607163708043]
[0.0720104176688382, 1.4771416013408629, 1.1235549539220937]
[0.029546881672588787, 1.4321717041577291, 1.1227296542148328]
[-0.030587685260160341, 1.3752763486645276, 1.1770477724126491]
[-0.046490495693728415, 1.3192969258021017, 1.1713130432751548]
[-0.087724345823399177, 1.2772087956347629, 1.1577531219680988]
[-0.13325063565923495, 1.2160990888474992, 1.1491442621158749]
[-0.18014856654149805, 1.1647636897476989, 1.1426837787730877]
[-0.24846749455937139, 1.1048264993832684, 1.1360688683476234]
[-0.2981670006366004, 1.0271388971498656, 1.1256908855157644]
[-0.26843414201919769, 0.98370977389567871, 1.1176203073123738]
[-0.19362844992002509, 0.9897840580502536, 1.1320116404695115]
[-0.12290906373539159, 1.0103620608274033, 1.1498947777198867]
[-0.057007916691176219, 1.0280731557369744, 1.1479955106688253]
[0.0067024919429737283, 1.0249155954723974, 1.1334189562887014]
[0.046375233578441394, 1.0327787542317131, 1.1073545717589175]
[0.017963180394684509, 1.0564384529244697, 1.0915866693498832]
[-0.023457414463420284, 1.0870716274473355, 1.1236119709564163]
[0.10643692031041614, 1.1150332663606695, 1.168260538369351]
[0.24714348475733938, 1.112683163043823, 1.168306925065312]
[0.31340468369046259, 1.1265081423341192, 1.1346043758611701]
[0.2993494043898885, 1.0988872013451869, 1.161352950053931]
[0.31044785331851715, 1.0497339692324184, 1.222295002770188]
[0.31740093091330568, 1.0132862169078118, 1.2250476507812167]
[0.26282474550630686, 0.95677129946028672, 1.2142632821857506]
[0.19393076883641597, 0.92186026764492324, 1.2188126415249165]
[0.13130967448100589, 0.88613745328502813, 1.2320743916553352]
[0.069560404302092815, 0.86960844515136071, 1.2510750881005748]
[0.028124779637087483, 0.862496257641302, 1.2899881900026091]
[0.036270957072222373, 0.91423143739486601, 1.3138396428857404]
[0.025381225817605713, 0.97165953527379045, 1.3164054749513237]
[0.042713760405831587, 1.0258765600867781, 1.2883124782776738]
[0.041291301723935532, 1.1010128491608218, 1.2377785325246005]
[0.038809343825841419, 1.151285880482787, 1.1734888657779703]
[0.023198451517054679, 1.1912395628853654, 1.1127774019689771]
[0.010581126731066419, 1.2543374774472313, 1.0518225778674404]
[0.0025667507398833833, 1.3047991058647317, 1.0030098714380471]
[-0.0013720907654259651, 1.3691895813388812, 0.951398648586123]
[-0.0095153385195244633, 1.4251345603733225, 0.88978450944690457]
[-0.018979997979908458, 1.479472894554984, 0.83273589341655607]
[-0.030641236982568071, 1.5219243963310394, 0.77822297165545562]
[-0.04674065365748159, 1.5817872612968971, 0.73110951114534883]
[-0.048523093505278919, 1.6073701639489852, 0.73713403032073976]
[-0.033365822762834368, 1.6739674458715406, 0.76540412850045281]
[0.028999137687512333, 1.7302778770418006, 0.82381473140373807]
[0.074037638970489678, 1.7639881952900933, 0.86676884246666097]
[0.11304342249452715, 1.8103365783486574, 0.90496833094074414]
[0.15147494446284929, 1.8591925927591828, 0.95319549339803367]
[0.19483914758194976, 1.8673582685224821, 1.0248257253569359]
[0.2667842901666288, 1.8018512280277046, 1.1367636181433352]
[0.31000114407923118, 1.7269005383283464, 1.1668588034850942]
[0.26264344538195999, 1.6620716479904085, 1.1480238565401195]
[0.19941586976371933, 1.6325910593001756, 1.1281129064577735]
[0.14569426148689052, 1.5739411172159963, 1.1243563160174228]
[0.099192866311427791, 1.5333014864521779, 1.1223722658570559]
[0.058583093116041179, 1.4686588882606266, 1.1281829075155632]
[0.018393180911261353, 1.4053824803375312, 1.1325549046762138]
[-0.026390777968961443, 1.361786679070734, 1.1345128628618244]
[-0.076395670084381057, 1.3375855055397965, 1.1293511488041448]
[-0.11884243033631788, 1.2644261489901596, 1.1329639298112006]
[-0.16911216525347778, 1.2372342778944239, 1.1319087211257295]
[-0.21510612749431077, 1.1854230764535083, 1.1318068777055159]
[-0.25741307508447558, 1.1197185467629871, 1.1329461059127564]
[-0.29773456339648474, 1.0597339329518201, 1.1285458010013483]
[-0.31057534873195713, 1.0010343331231715, 1.1142848035482389]
[-0.26630316834351886, 0.98700558259529581, 1.076264679962263]
[-0.21220927637146988, 1.0089540105916748, 1.0837364951343547]
[-0.13926553697030702, 1.0281725325862348, 1.1090851550704492]
[-0.075026380643441928, 1.0416063729772458, 1.1211927411415179]
[-0.018714331216998826, 1.0457554268471367, 1.1199290766444978]
[0.035092207046524999, 1.0635888956595134, 1.115106334722648]
[0.088491870177232618, 1.0870468946956082, 1.1077577045834048]
[0.14066468379130134, 1.1031434631997135, 1.104736929608322]
[0.19452428130687338, 1.1283258932416818, 1.0982715927929692]
[0.26234585705799102, 1.1465735167295503, 1.0987941448828362]
[0.29772196246440003, 1.1019802589906735, 1.1783109852215596]
[0.33168806832936892, 1.0371428329569974, 1.2346348660164239]
[0.29825651380203072, 0.9985994391456271, 1.2274147724268707]
[0.22201514704167508, 0.95577726503248439, 1.2063345146522813]
[0.1516009441411717, 0.91713322452626656, 1.2001833269486952]
[0.095120601162624982, 0.89087778663940931, 1.2210008354028761]
[0.044087375470801354, 0.84134093571081192, 1.2615722501300854]
[0.026601388902930082, 0.86946136204131552, 1.3026942177146479]
[0.047989491929850331, 0.96884392796073315, 1.2756630931395989]
[0.014970689213982966, 1.0377820876102493, 1.2573768824210025]
[0.022744183432842995, 1.0906852058448959, 1.2117035222811698]
[0.013035992764766562, 1.1624853305750462, 1.1430854121577918]
[0.0047009588672828687, 1.2201246470461047, 1.0835626591222722]
[-8.0665331785453875e-05, 1.2546544739867169, 1.0348285803155339]
[-0.0026169188386417144, 1.3105460556817834, 0.98795579963335178]
[-0.0076561201042166793, 1.3678864444619536, 0.94012516011949676]
[-0.016069476944742644, 1.4437836715522683, 0.88331769909330993]
[-0.029072171984741116, 1.4897242285130721, 0.82937524749385483]
[-0.049746654686979946, 1.5430159400464032, 0.7664122634402103]
[-0.064171325779646488, 1.5868180175162137, 0.73553746270284726]
[-0.059527212827993059, 1.6187574138966592, 0.73806828851686901]
[-0.01590391640013783, 1.6988924411308881, 0.79181259245931912]
[0.041611261272226835, 1.7264868345614324, 0.84576679903659835]
[0.08413061138727225, 1.7658054338874463, 0.89019245666226532]
[0.1216091382820787, 1.8500072976403541, 0.92998815985847771]
[0.17093541201037929, 1.827658598225899, 0.97944167393573767]
[0.22225136918430721, 1.8698901293475758, 1.0697607220496819]
[0.28804443720691819, 1.7894964407820866, 1.1461556066645704]
[0.28485626915069773, 1.7199191631828359, 1.1552511793361475]
[0.22571300346522319, 1.6529598304628048, 1.1371142576767768]
[0.1592076369157735, 1.5967751758471991, 1.1175824758388107]
[0.10999311255589456, 1.5577258481017178, 1.1149477221208224]
[0.065532185788039682, 1.515339895773534, 1.1179898298184823]
[0.025414209326882972, 1.4565589814338524, 1.1234346459730782]
[-0.015265474606725171, 1.4019376452811219, 1.1255696838477209]
[-0.063519775981035462, 1.384623683686119, 1.1278902428796302]
[0.17518814087670209, 1.1407683153389772, 1.0973602972608749]
[0.26637920269436277, 0.98221719024238008, 1.0541753076593419]
[-0.22410310002476358, 1.0958589401726089, 1.3232198533178023]
[-0.16284316973313553, 1.0264650910042539, 1.0945013531479759]
[-0.15609193973503382, 1.0117169706567621, 1.2058861481724457]
[-0.042201485862985472, 1.00832511815708, 1.1276125232329761]
[0.077398879522660363, 1.0436026734324952, 1.0569145832276934]
[0.15850766549357825, 1.0892201447507097, 1.0403835758451572]
[0.25533995384345565, 1.1454843233252845, 1.0583670175015747]
[-0.18495809848255418, 1.1598875985359531, 1.2958971492143874]
[-0.18109513084675605, 1.1048218614994654, 1.1047423860593928]
[-0.23452285655663063, 0.98695267230616313, 1.1831728336231362]
[-0.12539316198982334, 1.01602350363174, 1.1703887563644739]
[0.017707184396619821, 1.0354635271559789, 1.1196428590038556]
[0.12224770960602148, 1.0459922443398741, 1.0578916774217932]
[0.20790834844133199, 1.1172437347358604, 1.0613047683605614]
[-0.17074932872267884, 1.1890464334858717, 1.2858134914600143]
[-0.23764471378338681, 1.0478264891799429, 1.3340172641443107]
[-0.21713787795295039, 0.96267290924538906, 1.3385945055342336]
[-0.10407949752432749, 0.99769241026919075, 1.2854239803312928]
[0.010602427461870709, 1.038769991926668, 1.2294534789627847]
[-0.1733795513026497, 1.1749529622137747, 1.288911851548322]
[-0.23764516483346843, 1.0478264323123967, 1.3340171505579848]
[-0.21713793837077905, 0.96267289196247918, 1.3385945117703921]
[-0.10407957447687471, 0.9976924037741749, 1.2854239585142913]
[0.010602332609839019, 1.0387699962799735, 1.2294534284320169]
[0.12746416528177956, 1.0664943156427813, 1.1735874006493074]
[0.24286252575126815, 1.0809959766243871, 1.1179836945388777]
[0.35273003556239924, 1.0812166282160258, 1.0591079789108064]
[0.28284038732910788, 0.99594891889969539, 1.0498934696771094]
[0.18175216496900784, 0.93702572283309937, 1.0622935020766744]
[0.077399205416483929, 0.86737458685012003, 1.075742833869203]
[-0.027826361438940718, 0.84235885398405708, 1.1197745360536946]
[-0.025438005643098761, 0.95212492665744053, 1.1906713368332538]
[0.0029643090616090148, 1.0610347769402759, 1.2500689839955192]
[0.031460452321618246, 1.1621534945385792, 1.3047863670347406]
[0.059862071871348024, 1.2811376757652317, 1.3631227486096829]
[-0.22280295112136134, 1.0543325193309039, 1.3636416943205258]
[-0.18835836016569402, 0.96982395200654115, 1.3596057589881341]
[-0.087665997830769282, 1.0144782128397474, 1.2885486007078264]
[0.018746230560337487, 1.0578101418427543, 1.2147419144551777]
[0.12830078523730495, 1.0839110468129116, 1.1412906538661605]
[0.23235965983868201, 1.0680293694197007, 1.0748080775777245]
[0.32867882347960942, 1.0507146898544719, 1.001600637454644]
[0.24973214052955109, 0.97778820528984889, 1.0113313234755132]
[0.24516188185940929, 0.9390867828253463, 1.1405580973832383]
[-0.2349068359659113, 1.0612777397402111, 1.3315072112839503]
[-0.22594568731540396, 0.96235422128126236, 1.343790868651016]
[-0.072585026636997896, 1.0092708715079237, 1.2697079343121069]
[0.07830101253898944, 1.0719313262293486, 1.1946358698920181]
[0.19567094378207467, 1.0853155479983509, 1.1406223516803904]
[0.30912704452029882, 1.0945117808011908, 1.0853583485429918]
[0.307270818079796, 1.0024995474902678, 1.0505977585688409]
[0.21201481439825015, 0.9627352228694086, 1.0573745659350489]
[0.10754721772938813, 0.89108873988637216, 1.0717034795854712]
[-0.0028197080036436797, 0.82896582304232758, 1.0971076363993499]
[-0.028945513301852112, 0.93207093438791577, 1.1822977501890484]
[-0.0016846977454796283, 1.0432909801542598, 1.2408481437621981]
[0.030432310160544696, 1.1694628183196851, 1.3010827416463138]
[0.063329588474900861, 1.2998081011854645, 1.3703979840914424]
[0.092450544678953889, 1.4132954289219899, 1.4238262299871554]
[0.049847782737038285, 1.4281614889227048, 1.5171551124342144]
[-0.19089092079921011, 1.1536372730003388, 1.2993438765820899]
[-0.24911111686123499, 1.0223835998269879, 1.3437048116462185]
[-0.18668722509839433, 0.97569641696771503, 1.3254389341741859]
[-0.072585673685284374, 1.0092708544434672, 1.2697079103292654]
[0.044996110206574791, 1.0435732114966352, 1.2128693653020879]
[0.16252072778529214, 1.0816391507714569, 1.1554926447409839]
[0.27351359699552719, 1.0799433562806997, 1.1041527433599692]
[0.34572239785083447, 1.0318152831334397, 1.0481331516843464]
[0.25281330678545538, 0.97479021376473451, 1.0549938648282675]
[0.15102172270567552, 0.90732738596696605, 1.0685358540343488]
[-0.22410300485090673, 1.0958589642241934, 1.3232198271612963]
[0.061147189799446069, 1.0453883100634513, 1.07251675783737]
[-0.63993831339836971, 0.82449555472876324, 1.2023594915914304]
[0.28128668628508424, 1.0312656346970508, 1.1691272171780513]
[0.19220493505754788, 1.1144619150961854, 1.057800407858267]
[0.35054650136450066, 1.0378061960708995, 1.2850951868279821]
[0.23738656342566355, 0.86455305892426493, 1.227160379951121]
[0.027272508214240265, 0.90223510896779047, 0.93309510673027807]
[0.12149342571953511, 0.98568359912359049, 1.6003147343780837]
[0.31899263560328178, 0.99512688584838127, 1.1622822275663272]
[-0.19607279081580301, 1.14450319492555, 1.3026855698206943]
[-0.21867809357249646, 1.0038203590398351, 1.2962245274343289]
[-0.034436309896073942, 1.0197621221526216, 1.1559823899115262]
[0.090782892923449959, 1.049762093965662, 1.0680056361933112]
[0.22938531709609594, 1.031528896839542, 1.0023113562059178]
[0.18051412351323054, 0.96528844981061113, 0.99454693611873779]
[0.044160208500064663, 0.90991617474682762, 1.0840472913074366]
[-0.058781836013295896, 0.85674814108418962, 1.2266810895597702]
[0.013460617788958837, 1.0222268237815619, 1.3165559926816495]
[0.12155629141286838, 1.1806462207861346, 1.3574012904587673]
[0.19548837087215082, 1.3824412939198873, 1.3663055476287633]
[0.2448784569989304, 1.5464677586099898, 1.2682564122363424]
[0.22243574782478104, 1.6496654498478767, 1.0140917267325333]
[0.16208765469458236, 1.7335579218572488, 0.78768719411798704]
[0.090129115375780472, 1.7157842083682078, 0.69620815547500026]
[0.029331242154875869, 1.662878111463048, 0.90221727483636527]
[0.031052766319689978, 1.4705338343237964, 1.1486879008910591]
[-0.0223094635470025, 1.3322804329560416, 1.2889159270734729]
[-0.081027095882951983, 1.1568212203976334, 1.3617657335042179]
[-0.14098116535553287, 0.98814377348357785, 1.3550200509313592]
[-0.055972254607754512, 1.0267380071389771, 1.1022040729389153]
[0.014088372169850309, 1.0378292774100695, 0.96078351829965714]
[0.13973416257181534, 1.0197455027172704, 0.8604514710129797]
[0.10976784185066839, 0.96894500616656354, 0.88052352905576092]
[0.00091238238883134537, 0.88733880223435835, 1.0589266424344881]
[-0.067624249262714209, 0.86852726516340795, 1.2326288401186329]
[0.031077127907167532, 1.0326325406424004, 1.2817701785565205]
[0.12679180129747242, 1.2497442030265571, 1.3105186455646796]
[0.2180331289765878, 1.4144177824950541, 1.2842393385449655]
[0.22820814360922995, 1.6063029392792982, 1.1117683668591469]
[0.14614281295009265, 1.6825305936410759, 0.87133390182835979]
[0.079476685577007211, 1.7464884809712031, 0.70152131505921567]
[0.011676314631580587, 1.7433273427510734, 0.75746674068223219]
[0.015519247676688303, 1.5658498408138246, 1.0553986590210662]
[-0.23363139099994201, 0.98806054140964783, 1.3834035483886842]
[0.13075418727842095, 1.0179097468309652, 1.1228159165633864]
[0.035881311425848467, 1.0374948937313537, 1.0683278343921667]
[0.17246463400396053, 1.0464712745874056, 1.0244676725014625]
[0.15246465281499882, 1.0357023209196767, 1.0240946093488015]
[0.06084823135318862, 0.97187143264023257, 1.1916115449300984]
[0.046196603013054699, 0.85012753599527613, 1.3126641760186037]
[0.077910727423749562, 0.94450840385006607, 1.3991805525874978]
[0.17023357636662079, 1.1093406068918428, 1.3756228318312373]
[0.20557122364981642, 1.2826788490641123, 1.2962277559677811]
[0.20399722839281831, 1.4801365977990983, 1.16407396444724]
[0.14376661382525419, 1.6317659488096015, 0.90283680698960711]
[0.031242457485112951, 1.6663458650057053, 0.69150837468870241]
[-0.018552199206627817, 1.7307218123584571, 0.63790970989163087]
[-0.0097403200116059074, 1.750945256234556, 0.84412079483733327]
[0.097535380462221433, 1.6182843842776602, 1.1330007054970808]
[0.13173439467695117, 1.4441638702241186, 1.2701150655929641]
[0.07072117860222199, 1.3102863645322729, 1.310682445852452]
[-0.057408125720167874, 1.1656710869414655, 1.2950931394585765]
[-0.16729583855623642, 1.0035954078818015, 1.209576031676229]
[-0.12464385961765731, 1.0024574944186497, 0.90074960937739157]
[-0.091933608020509247, 0.99490304805405883, 0.84896513807001162]
[0.036731853211531759, 1.0451414110012236, 0.82482564860506224]
[0.053785870241680397, 1.019214564624076, 0.89262367538976628]
[0.040345737544097718, 0.95717386651880121, 1.1399657827491805]
[0.015683019658430858, 0.83996341740717395, 1.3184303472491767]
[0.10005559299507052, 0.95349827738411908, 1.352828468151517]
[0.16442872771168865, 1.1192790541415323, 1.3130237108422538]
[0.20653092655295896, 1.2750174799060965, 1.2301893485321014]
[0.2173375513807384, 1.4562726962417358, 1.1140998639666133]
[0.12397986244640097, 1.6208727517481594, 0.88232668925080793]
[-0.011047712520475345, 1.7234878544499366, 0.72470365232173195]
[-0.060171342049663429, 1.8090979118651904, 0.70646114588877917]
[0.011724334160921807, 1.7732291762596399, 0.94302841961429129]
[0.13221726559858635, 1.604994151759181, 1.1683050264718664]
[0.14969885309374356, 1.4746603346292793, 1.2691690186247895]
[0.034461552154687797, 1.2678509233528537, 1.2760121916316516]
[-0.10298129255287836, 1.1561563414473996, 1.2546232376351334]
[-0.22461989626835052, 0.98566322505223203, 1.1082431294454873]
[-0.23347918310648635, 0.99910498065889852, 0.79513490343264825]
[-0.19251440266993436, 1.0188827901564648, 0.75374787656593945]
[-0.044648197700287863, 1.082958035178893, 0.75613071531875542]
[-0.01790947275098722, 1.0801921318975705, 0.89049400047179139]
[0.040383764768364111, 0.97882617351240786, 1.1687796290647392]
[-0.18410681564180406, 1.1579979086830916, 1.3181336173658627]
[0.10400348499095111, 1.0648654087355209, 1.0605999254862346]
[-0.24923162365323681, 0.94300746253454804, 1.1140410689151137]
[0.45127267081602757, 0.8988225737639709, 0.93327246943537545]
[-0.16669594912949481, 1.2518894765018285, 1.1420152432442869]
[0.36192123239319729, 1.047718204276348, 1.2467719425955819]
[0.34348516806980878, 0.88386254754961702, 1.3584820359312788]
[-0.031477286468533539, 0.68962825647767412, 1.1579581241360073]
[-0.22817867350142329, 0.66821639841102498, 0.31456096716784399]
[-0.20050278709028493, 1.1046258495296335, 1.3388179748764557]
[0.2607739622749472, 1.0439789449810586, 1.0576316633368683]
[-0.054039718638842285, 0.89762116164309591, 1.0167965833463501]
[0.61826477101024602, 0.75847646863915552, 0.77819925137652413]
[-0.24234041051735986, 1.2442351164579279, 1.0627076876799537]
[0.25970154816845925, 0.91620854867900847, 1.320824944888785]
[-0.035636314470187724, 0.80753498730884521, 1.1622457984384273]
[0.093081033556995763, 1.0491219545307933, 0.97813596030636063]
[0.19566073379492926, 1.3213634474268998, 1.2658396801891314]
[-0.25525461807871419, 1.3513404762592531, 0.91045327392685693]
[0.037210273747936728, 1.5851823732018275, 0.81970358505293262]
[0.15407721010123493, 1.6946820176591193, 0.92067099086249204]
[0.019121832201720923, 1.8403566564445897, 1.0325552319354712]
[0.38757933893792956, 1.6606765434914477, 1.2035434484168661]
[0.65259223952728296, 1.4034775939407893, 1.2268587513334104]
[-0.19657138559934956, 1.2617606033553745, 1.3311792888782739]
[0.062923071641727613, 1.4937737511401876, 1.1342350437090631]
[-0.06416189278555684, 1.3653551331617524, 1.1793110142638688]
[-0.013897288362935661, 1.214666591731935, 1.1310912413143428]
[-0.1564791297436221, 1.0699724128303905, 1.1473072847589003]
[-0.021227618348844818, 1.0069011433486508, 1.1003466069239169]
[0.21409057857880287, 0.97716667024694948, 1.0430334838641468]
[0.35748418259845838, 0.9956198052216515, 1.0179166932431296]
[-0.056350378155016229, 1.077294681279009, 1.3389740571277857]
[0.3578133024103477, 0.88045230604518609, 1.4398724093421198]
[0.23465923573070754, 0.78860675602635066, 1.1319401654772971]
[-0.027706115977020107, 1.0819929879238093, 1.2547298258883268]
[0.0038302804527268579, 0.93008109910035286, 1.4366993921937961]
[-0.17213294310151903, 1.1667327611595737, 1.0685232296494185]
[0.0098489902913441035, 1.4280213206874295, 0.930110799838893]
[-0.10285090977311129, 1.5705776486884273, 0.72623924969850673]
[-0.094630403737870794, 1.6705743284854233, 0.78441498612506411]
[0.0056447772376113647, 1.8170398369680423, 0.99283057070196001]
[0.30071182305709782, 1.796548974791395, 1.2039365291591626]
[-0.20808545395641662, 0.96474330470017566, 1.336697021054492]
[-0.058173512664155796, 0.95525257087848048, 0.99699731022916527]
[0.26670469546015407, 1.31299917642856, 1.125194388518941]
[0.15569301390088894, 0.99759281620397311, 1.1617775471547644]
[0.31379302552833904, 0.82256192033610809, 1.4763885670532166]
[0.23844919410380913, 0.6674788754428177, 0.99430707675286545]
[-0.3751615209538236, 0.71716341216147717, 0.53135731128874752]
[0.36595999062580231, 0.89532876299180175, 1.6803126538820534]
[-0.09987013234942442, 1.4628610807257931, 0.74245357391624811]
[0.5806036618697793, 1.5282930286766909, 0.96700185223379176]
[-0.37000055666760595, 1.6805112584708402, 0.80712909552112766]
[-0.93386279769735014, 1.6164278943109804, 0.27409589886996]
[1.3709656792997673, 0.50332079030675059, 1.6734801753229376]
[-0.15264408632360746, 1.4930939143591921, 0.91013404528858199]
[-0.19581349354427174, 1.1433906936663971, 1.302660079531637]
[-0.14176883213497765, 1.1296151376546371, 1.1673947571566141]
[-0.27113313507236075, 1.0529555447972636, 1.1388324259600744]
[-0.28682874228903871, 0.98134967399921125, 1.1368949073370851]
[-0.22132750099112353, 0.99734664859481093, 1.1418134391521491]
[-0.15827633101559971, 1.0151105224006651, 1.1547826704035542]
[-0.097546233387114475, 1.0216786224233911, 1.1539609642139337]
[-0.026947209482257414, 1.026611588154714, 1.1434048481321619]
[0.041529587294364456, 1.0314115696973962, 1.1241306468406593]
[0.10709734144302283, 1.0579407787967738, 1.0997134415627916]
[0.14287591416032105, 1.0656442969990831, 1.0779478348045082]
[-0.23673129922360733, 1.0555156303638096, 1.1975239545967018]
[0.14433665800968981, 1.0729816151427236, 1.1963758925856323]
[0.08695178823438543, 1.0595074094162775, 1.1937680784767235]
[-0.16951280519159537, 1.1807675870440471, 1.2837814590117225]
[-0.22565932236957167, 1.0437581858594187, 1.3664512934593407]
[-0.071964840156310786, 1.0092149997644735, 1.2295741600013534]
[0.028129147434445487, 1.0524699572284066, 1.1128854484203539]
[0.15558861981276961, 1.0423776937539249, 1.0402806650219887]
[0.26617924347042876, 1.0221703784119136, 0.96370314973005233]
[0.16213113473408133, 0.95865489224557121, 1.0296048679504382]
[0.010711248159409936, 0.87035970706357302, 1.1333541424609845]
[-0.043862632602658075, 0.914245351596779, 1.2792214285516421]
[0.060882493243626074, 1.0760544660298861, 1.3397140331942532]
[0.15393635344948309, 1.2322942333778548, 1.3633692693540298]
[0.21050157358572047, 1.4023447434240421, 1.3473863892158364]
[-0.22545319010514092, 0.96691884253438298, 1.380865644054726]
[0.2606407454412647, 1.0205232508440722, 1.0167594387220031]
[-0.18309505137848231, 0.96716090692319068, 1.0281390343649832]
[0.49566726775732589, 0.93530374010281325, 1.0356671425943027]
[0.14406000425915039, 0.99736545579852454, 1.174893586725924]
[0.25975351508143835, 0.93568001206134432, 1.3691963730379622]
[-0.10899785495276058, 1.0361502540406344, 1.3331673162043216]
[0.26374544091765684, 1.7418584890293456, 1.2116380990101951]
[0.17119309353329096, 1.6612960119037319, 0.55696820960845561]
[-0.27276829810719116, 1.6507722192685206, 1.3567365802397748]
